a -1 -1 -1 -1 -1 -1 -1  1 -1 -1
  -1 -1  1  1  1  1 -1  1 -1 -1
  -1  1 -1 -1 -1 -1  1  1 -1 -1
  -1  1 -1 -1 -1 -1 -1  1 -1 -1
  -1  1 -1 -1 -1 -1 -1  1 -1 -1
  -1  1 -1 -1 -1 -1 -1  1 -1 -1
  -1  1 -1 -1 -1 -1 -1  1 -1 -1
  -1  1 -1 -1 -1 -1 -1  1 -1 -1
  -1  1 -1 -1 -1 -1  1  1 -1  1
  -1 -1  1  1  1  1 -1  1  1 -1

b -1 -1 -1  1  1 -1 -1 -1 -1 -1
  -1 -1 -1  1 -1  1 -1 -1 -1 -1
  -1 -1 -1  1 -1  1 -1 -1 -1 -1
  -1 -1 -1  1  1 -1 -1 -1 -1 -1
  -1 -1 -1  1  1  1 -1 -1 -1 -1
  -1 -1 -1  1 -1 -1  1 -1 -1 -1
  -1 -1 -1  1 -1 -1  1 -1 -1 -1
  -1 -1 -1  1 -1 -1  1 -1 -1 -1
  -1 -1 -1  1  1  1 -1 -1 -1 -1
  -1 -1  1  1 -1 -1 -1 -1 -1 -1

y -1  1  1 -1 -1 -1 -1 -1 -1  1
   1 -1 -1  1 -1 -1 -1 -1  1 -1
  -1 -1 -1  1 -1 -1 -1  1 -1 -1
  -1 -1 -1  1 -1 -1  1 -1 -1 -1
  -1 -1 -1 -1  1  1 -1 -1 -1 -1
  -1 -1 -1 -1  1  1 -1 -1 -1 -1
  -1 -1 -1 -1  1  1 -1 -1 -1 -1
  -1 -1 -1 -1  1  1 -1 -1 -1 -1
  -1 -1 -1 -1  1  1 -1 -1 -1 -1
  -1 -1 -1 -1  1  1 -1 -1 -1 -1